version https://git-lfs.github.com/spec/v1
oid sha256:952a87ccd0471e1b787a82cbfc57ab00dc6c9e59b99c085f4c07ba1c125aa938
size 31322
